룜襄>> MiniLab02

Wi =

   308.91
   362.46
   424.43

Xi =

   316.97
   220.58
   137.19

Fxi = [](0x0)
Wires =

   1.2180   1.4057   1.6230

Xires =

  -4.4409e-16   6.4233e-01   1.1980e+00

M =

   1.2180e+00   3.0968e-11
   1.4057e+00   1.5380e+05
   1.6230e+00   6.0727e+05

V =  14.569
Vkm =  52.449
energAcumul =  97110.46622
veloAcumul =  52.449
Wi =

   309.68
   316.56
   330.33
   347.93
   367.05
   391.53
   406.84
   425.96
   428.26
   434.38

Xi =

   321.56
   289.43
   262.65
   235.88
   195.33
   170.09
   149.43
   134.89
   122.65
   112.71

Fxi = [](0x0)
Wires =

   1.2180   1.2404   1.2851   1.3422   1.4043   1.4839   1.5336   1.5957   1.6031   1.6230

Xires =

 Columns 1 through 7:

  -2.2204e-16   1.8431e-01   3.3790e-01   4.9149e-01   7.2407e-01   8.6888e-01   9.8736e-01

 Columns 8 through 10:

   1.0707e+00   1.1410e+00   1.1980e+00

M =

   1.2180e+00   1.5484e-11
   1.2404e+00   3.4982e+03
   1.2851e+00   3.1393e+04
   1.3422e+00   8.1998e+04
   1.4043e+00   2.0186e+05
   1.4839e+00   3.0279e+05
   1.5336e+00   4.0039e+05
   1.5957e+00   4.7718e+05
   1.6031e+00   5.4703e+05
   1.6230e+00   6.0727e+05

V =  14.254
Vkm =  51.315
energAcumul =

   97110.46622   92954.78290

veloAcumul =

   52.449   51.315

Wi =

   308.91
   314.27
   323.45
   329.57
   347.16
   362.46
   367.05
   380.06
   390.77
   399.95
   406.84
   416.78
   425.20
   429.02
   432.08
   435.14

Xi =

   324.62
   297.08
   282.54
   261.12
   244.29
   213.69
   193.80
   181.56
   171.62
   161.67
   152.49
   141.78
   133.36
   123.42
   120.36
   114.24

Fxi = [](0x0)
Wires =

 Columns 1 through 10:

   1.2180   1.2352   1.2646   1.2843   1.3407   1.3898   1.4045   1.4463   1.4806   1.5101

 Columns 11 through 16:

   1.5322   1.5641   1.5911   1.6034   1.6132   1.6230

Xires =

 Columns 1 through 9:

   0.00000   0.15683   0.23960   0.36158   0.45742   0.63167   0.74494   0.81464   0.87127

 Columns 10 through 16:

   0.92791   0.98018   1.04117   1.08909   1.14572   1.16315   1.19800

M =

        1.21800        0.00000
        1.23518      902.35108
        1.26464    10924.38603
        1.28427    37715.00694
        1.34073    68812.98482
        1.38982   148008.89615
        1.40455   215161.43724
        1.44627   262624.61728
        1.48064   304632.24472
        1.51009   349727.41130
        1.53218   394094.13827
        1.56409   449180.36189
        1.59109   494974.44582
        1.60336   551944.76295
        1.61318   570095.25302
        1.62300   607273.16735

V =  14.269
Vkm =  51.367
energAcumul =

   97110.46622   92954.78290   93142.79084

veloAcumul =

   52.449   51.315   51.367

Wi =

   307.38
   309.68
   309.68
   314.27
   314.27
   320.39
   327.27
   324.98
   321.92
   326.51
   338.75
   345.63
   348.69
   349.46
   359.40
   360.93
   367.05
   377.00
   385.41
   392.30
   400.72
   406.84
   414.49
   425.20
   431.32

Xi =

   326.91
   320.79
   315.44
   303.20
   293.25
   285.60
   279.48
   272.60
   262.65
   262.65
   262.65
   254.24
   241.23
   224.40
   222.11
   204.51
   193.04
   187.68
   179.27
   170.85
   161.67
   150.96
   142.54
   134.89
   119.59

Fxi = [](0x0)
Wires =

 Columns 1 through 10:

   1.2180   1.2255   1.2255   1.2405   1.2405   1.2605   1.2830   1.2755   1.2655   1.2805

 Columns 11 through 20:

   1.3205   1.3430   1.3530   1.3555   1.3880   1.3930   1.4130   1.4455   1.4730   1.4955

 Columns 21 through 25:

   1.5230   1.5430   1.5680   1.6030   1.6230

Xires =

 Columns 1 through 9:

   0.00000   0.03537   0.06631   0.13704   0.19451   0.23872   0.27408   0.31387   0.37134

 Columns 10 through 18:

   0.37134   0.37134   0.41996   0.49511   0.59237   0.60563   0.70731   0.77362   0.80456

 Columns 19 through 25:

   0.85319   0.90182   0.95486   1.01675   1.06538   1.10959   1.19800

M =

        1.21800        0.00000
        1.22550    -1864.14301
        1.22550    -2507.59812
        1.24050     -516.80433
        1.24050     4646.92135
        1.26050    10782.48572
        1.28300    17045.45612
        1.27550    25530.47416
        1.26550    40476.83636
        1.28050    40476.83636
        1.32050    40476.83636
        1.34300    55607.04288
        1.35300    83467.52679
        1.35550   127592.94581
        1.38800   134315.52700
        1.39300   191480.33211
        1.41300   234123.36407
        1.44550   255472.02836
        1.47300   290882.39289
        1.49550   328569.10168
        1.52300   372278.03613
        1.54300   426695.71578
        1.56800   472039.21892
        1.60300   515235.92548
        1.62300   607273.16735

V =  14.284
Vkm =  51.421
energAcumul =

   97110.46622   92954.78290   93142.79084   93341.00198

veloAcumul =

   52.449   51.315   51.367   51.421

>>